time,address,binaryaddress,bank,row,column,delay,command
0, 0, 00000000000000000000000000000000, 0, 0, 0, 31250, R
1250, 64, 00000000000000000000000001000000, 0, 0, 8, 35000, R
2500, 128, 00000000000000000000000010000000, 0, 0, 16, 38750, R
3750, 192, 00000000000000000000000011000000, 0, 0, 24, 42500, R
5000, 256, 00000000000000000000000100000000, 0, 0, 32, 46250, R
6250, 320, 00000000000000000000000101000000, 0, 0, 40, 50000, R
7500, 384, 00000000000000000000000110000000, 0, 0, 48, 53750, R
8750, 448, 00000000000000000000000111000000, 0, 0, 56, 57500, R
10000, 512, 00000000000000000000001000000000, 0, 0, 64, 61250, R
32500, 576, 00000000000000000000001001000000, 0, 0, 72, 43750, R
37500, 640, 00000000000000000000001010000000, 0, 0, 80, 43750, R
42500, 704, 00000000000000000000001011000000, 0, 0, 88, 43750, R
47500, 768, 00000000000000000000001100000000, 0, 0, 96, 43750, R
52500, 832, 00000000000000000000001101000000, 0, 0, 104, 43750, R
57500, 896, 00000000000000000000001110000000, 0, 0, 112, 43750, R
62500, 960, 00000000000000000000001111000000, 0, 0, 120, 43750, R
67500, 1024, 00000000000000000000010000000000, 0, 0, 128, 43750, R
72500, 1088, 00000000000000000000010001000000, 0, 0, 136, 43750, R
77500, 1152, 00000000000000000000010010000000, 0, 0, 144, 43750, R
82500, 1216, 00000000000000000000010011000000, 0, 0, 152, 43750, R
87500, 1280, 00000000000000000000010100000000, 0, 0, 160, 43750, R
92500, 1344, 00000000000000000000010101000000, 0, 0, 168, 43750, R
97500, 1408, 00000000000000000000010110000000, 0, 0, 176, 43750, R
102500, 1472, 00000000000000000000010111000000, 0, 0, 184, 43750, R
107500, 1536, 00000000000000000000011000000000, 0, 0, 192, 43750, R
112500, 1600, 00000000000000000000011001000000, 0, 0, 200, 43750, R
117500, 1664, 00000000000000000000011010000000, 0, 0, 208, 43750, R
122500, 1728, 00000000000000000000011011000000, 0, 0, 216, 43750, R
127500, 1792, 00000000000000000000011100000000, 0, 0, 224, 43750, R
132500, 1856, 00000000000000000000011101000000, 0, 0, 232, 43750, R
137500, 1920, 00000000000000000000011110000000, 0, 0, 240, 43750, R
142500, 1984, 00000000000000000000011111000000, 0, 0, 248, 43750, R
147500, 2048, 00000000000000000000100000000000, 0, 0, 256, 43750, R
152500, 2112, 00000000000000000000100001000000, 0, 0, 264, 43750, R
157500, 2176, 00000000000000000000100010000000, 0, 0, 272, 43750, R
162500, 2240, 00000000000000000000100011000000, 0, 0, 280, 43750, R
167500, 2304, 00000000000000000000100100000000, 0, 0, 288, 43750, R
172500, 2368, 00000000000000000000100101000000, 0, 0, 296, 43750, R
177500, 2432, 00000000000000000000100110000000, 0, 0, 304, 43750, R
182500, 2496, 00000000000000000000100111000000, 0, 0, 312, 43750, R
187500, 2560, 00000000000000000000101000000000, 0, 0, 320, 43750, R
192500, 2624, 00000000000000000000101001000000, 0, 0, 328, 43750, R
197500, 2688, 00000000000000000000101010000000, 0, 0, 336, 43750, R
202500, 2752, 00000000000000000000101011000000, 0, 0, 344, 43750, R
207500, 2816, 00000000000000000000101100000000, 0, 0, 352, 43750, R
212500, 2880, 00000000000000000000101101000000, 0, 0, 360, 43750, R
217500, 2944, 00000000000000000000101110000000, 0, 0, 368, 43750, R
222500, 3008, 00000000000000000000101111000000, 0, 0, 376, 43750, R
227500, 3072, 00000000000000000000110000000000, 0, 0, 384, 43750, R
232500, 3136, 00000000000000000000110001000000, 0, 0, 392, 43750, R
237500, 3200, 00000000000000000000110010000000, 0, 0, 400, 43750, R
242500, 3264, 00000000000000000000110011000000, 0, 0, 408, 43750, R
247500, 3328, 00000000000000000000110100000000, 0, 0, 416, 43750, R
252500, 3392, 00000000000000000000110101000000, 0, 0, 424, 43750, R
257500, 3456, 00000000000000000000110110000000, 0, 0, 432, 43750, R
262500, 3520, 00000000000000000000110111000000, 0, 0, 440, 43750, R
267500, 3584, 00000000000000000000111000000000, 0, 0, 448, 43750, R
272500, 3648, 00000000000000000000111001000000, 0, 0, 456, 43750, R
277500, 3712, 00000000000000000000111010000000, 0, 0, 464, 43750, R
282500, 3776, 00000000000000000000111011000000, 0, 0, 472, 43750, R
287500, 3840, 00000000000000000000111100000000, 0, 0, 480, 43750, R
292500, 3904, 00000000000000000000111101000000, 0, 0, 488, 43750, R
297500, 3968, 00000000000000000000111110000000, 0, 0, 496, 43750, R
302500, 4032, 00000000000000000000111111000000, 0, 0, 504, 43750, R
307500, 4096, 00000000000000000001000000000000, 0, 0, 512, 43750, R
312500, 4160, 00000000000000000001000001000000, 0, 0, 520, 43750, R
317500, 4224, 00000000000000000001000010000000, 0, 0, 528, 43750, R
322500, 4288, 00000000000000000001000011000000, 0, 0, 536, 43750, R
327500, 4352, 00000000000000000001000100000000, 0, 0, 544, 43750, R
332500, 4416, 00000000000000000001000101000000, 0, 0, 552, 43750, R
337500, 4480, 00000000000000000001000110000000, 0, 0, 560, 43750, R
342500, 4544, 00000000000000000001000111000000, 0, 0, 568, 43750, R
347500, 4608, 00000000000000000001001000000000, 0, 0, 576, 43750, R
352500, 4672, 00000000000000000001001001000000, 0, 0, 584, 43750, R
357500, 4736, 00000000000000000001001010000000, 0, 0, 592, 43750, R
362500, 4800, 00000000000000000001001011000000, 0, 0, 600, 43750, R
367500, 4864, 00000000000000000001001100000000, 0, 0, 608, 43750, R
372500, 4928, 00000000000000000001001101000000, 0, 0, 616, 43750, R
377500, 4992, 00000000000000000001001110000000, 0, 0, 624, 43750, R
382500, 5056, 00000000000000000001001111000000, 0, 0, 632, 43750, R
387500, 5120, 00000000000000000001010000000000, 0, 0, 640, 43750, R
392500, 5184, 00000000000000000001010001000000, 0, 0, 648, 43750, R
397500, 5248, 00000000000000000001010010000000, 0, 0, 656, 43750, R
402500, 5312, 00000000000000000001010011000000, 0, 0, 664, 43750, R
407500, 5376, 00000000000000000001010100000000, 0, 0, 672, 43750, R
412500, 5440, 00000000000000000001010101000000, 0, 0, 680, 43750, R
417500, 5504, 00000000000000000001010110000000, 0, 0, 688, 43750, R
422500, 5568, 00000000000000000001010111000000, 0, 0, 696, 43750, R
427500, 5632, 00000000000000000001011000000000, 0, 0, 704, 43750, R
432500, 5696, 00000000000000000001011001000000, 0, 0, 712, 43750, R
437500, 5760, 00000000000000000001011010000000, 0, 0, 720, 43750, R
442500, 5824, 00000000000000000001011011000000, 0, 0, 728, 43750, R
447500, 5888, 00000000000000000001011100000000, 0, 0, 736, 43750, R
452500, 5952, 00000000000000000001011101000000, 0, 0, 744, 43750, R
457500, 6016, 00000000000000000001011110000000, 0, 0, 752, 43750, R
462500, 6080, 00000000000000000001011111000000, 0, 0, 760, 43750, R
467500, 6144, 00000000000000000001100000000000, 0, 0, 768, 43750, R
472500, 6208, 00000000000000000001100001000000, 0, 0, 776, 43750, R
477500, 6272, 00000000000000000001100010000000, 0, 0, 784, 43750, R
482500, 6336, 00000000000000000001100011000000, 0, 0, 792, 43750, R
487500, 0, 00000000000000000000000000000000, 0, 0, 0, 43750, R
492500, 31389504, 00000001110111101111011101000000, 0, 3831, 744, 71250, R
497500, 26084928, 00000001100011100000011001000000, 0, 3184, 200, 113750, R
502500, 54104576, 00000011001110011001001000000000, 0, 6604, 576, 156250, R
507500, 15853568, 00000000111100011110100000000000, 0, 1935, 256, 198750, R
512500, 11629440, 00000000101100010111001110000000, 0, 1419, 624, 241250, R
517500, 118071744, 00000111000010011010000111000000, 0, 14413, 56, 283750, R
522500, 66563648, 00000011111101111010111001000000, 0, 8125, 456, 326250, R
527500, 37517952, 00000010001111000111101010000000, 0, 4579, 848, 368750, R
532500, 57017280, 00000011011001100000001111000000, 0, 6960, 120, 411250, R
565000, 57017344, 00000011011001100000010000000000, 0, 6960, 128, 383750, R
612500, 57017408, 00000011011001100000010001000000, 0, 6960, 136, 341250, R
660000, 57017472, 00000011011001100000010010000000, 0, 6960, 144, 298750, R
707500, 57017536, 00000011011001100000010011000000, 0, 6960, 152, 256250, R
755000, 57017600, 00000011011001100000010100000000, 0, 6960, 160, 213750, R
802500, 57017664, 00000011011001100000010101000000, 0, 6960, 168, 171250, R
850000, 57017728, 00000011011001100000010110000000, 0, 6960, 176, 128750, R
897500, 57017792, 00000011011001100000010111000000, 0, 6960, 184, 86250, R
945000, 57017856, 00000011011001100000011000000000, 0, 6960, 192, 43750, R
950000, 57017920, 00000011011001100000011001000000, 0, 6960, 200, 43750, R
955000, 57017984, 00000011011001100000011010000000, 0, 6960, 208, 43750, R
960000, 57018048, 00000011011001100000011011000000, 0, 6960, 216, 43750, R
965000, 57018112, 00000011011001100000011100000000, 0, 6960, 224, 43750, R
970000, 57018176, 00000011011001100000011101000000, 0, 6960, 232, 43750, R
975000, 57018240, 00000011011001100000011110000000, 0, 6960, 240, 43750, R
980000, 57018304, 00000011011001100000011111000000, 0, 6960, 248, 43750, R
985000, 57018368, 00000011011001100000100000000000, 0, 6960, 256, 43750, R
990000, 57018432, 00000011011001100000100001000000, 0, 6960, 264, 43750, R
995000, 57018496, 00000011011001100000100010000000, 0, 6960, 272, 43750, R
1000000, 57018560, 00000011011001100000100011000000, 0, 6960, 280, 43750, R
1005000, 57018624, 00000011011001100000100100000000, 0, 6960, 288, 43750, R
1010000, 57018688, 00000011011001100000100101000000, 0, 6960, 296, 43750, R
1015000, 57018752, 00000011011001100000100110000000, 0, 6960, 304, 43750, R
1020000, 57018816, 00000011011001100000100111000000, 0, 6960, 312, 43750, R
1025000, 57018880, 00000011011001100000101000000000, 0, 6960, 320, 43750, R
1030000, 57018944, 00000011011001100000101001000000, 0, 6960, 328, 43750, R
1035000, 57016832, 00000011011001100000001000000000, 0, 6960, 64, 43750, R
1040000, 19024128, 00000001001000100100100100000000, 0, 2322, 288, 71250, R
1045000, 67189440, 00000100000000010011101011000000, 0, 8201, 856, 113750, R
1050000, 131604736, 00000111110110000010000100000000, 0, 16065, 32, 156250, R
1055000, 77196032, 00000100100110011110101100000000, 0, 9423, 352, 198750, R
1060000, 14084480, 00000000110101101110100110000000, 0, 1719, 304, 241250, R
1065000, 68536896, 00000100000101011100101001000000, 0, 8366, 328, 283750, R
1070000, 21259136, 00000001010001000110001110000000, 0, 2595, 112, 326250, R
1075000, 34364544, 00000010000011000101110010000000, 0, 4194, 912, 368750, R
1080000, 76469248, 00000100100011101101010000000000, 0, 9334, 640, 411250, R
1112500, 55110720, 00000011010010001110110001000000, 0, 6727, 392, 426250, R
1160000, 115934528, 00000110111010010000010101000000, 0, 14152, 168, 426250, R
1207500, 33270464, 00000001111110111010101011000000, 0, 4061, 344, 426250, R
1255000, 118307328, 00000111000011010011101000000000, 0, 14441, 832, 426250, R
1302500, 51491392, 00000011000100011011001001000000, 0, 6285, 584, 426250, R
1350000, 17041536, 00000001000001000000100010000000, 0, 2080, 272, 426250, R
1397500, 123048000, 00000111010101011001000001000000, 0, 15020, 520, 426250, R
1445000, 37471168, 00000010001110111100001111000000, 0, 4574, 120, 426250, R
1492500, 52277184, 00000011000111011010111111000000, 0, 6381, 504, 426250, R
1540000, 113951616, 00000110110010101100001110000000, 0, 13910, 112, 426250, R
1587500, 101465344, 00000110000011000011110100000000, 0, 12385, 928, 426250, R
1635000, 16476160, 00000000111110110110100000000000, 0, 2011, 256, 426250, R
1682500, 59672256, 00000011100011101000011011000000, 0, 7284, 216, 426250, R
1730000, 82049728, 00000100111000111111101011000000, 0, 10015, 856, 426250, R
1777500, 133399616, 00000111111100111000010001000000, 0, 16284, 136, 426250, R
1825000, 17604864, 00000001000011001010000100000000, 0, 2149, 32, 426250, R
1872500, 59627456, 00000011100011011101011111000000, 0, 7278, 760, 426250, R
1920000, 14128832, 00000000110101111001011011000000, 0, 1724, 728, 426250, R
1967500, 129866048, 00000111101111011001100101000000, 0, 15852, 808, 426250, R
2015000, 91337856, 00000101011100011011010010000000, 0, 11149, 656, 426250, R
2062500, 52416960, 00000011000111111101000111000000, 0, 6398, 568, 426250, R
2110000, 15982592, 00000000111100111110000000000000, 0, 1951, 0, 426250, R
2157500, 94820928, 00000101101001101101101001000000, 0, 11574, 840, 426250, R
2205000, 87360, 00000000000000010101010101000000, 0, 10, 680, 426250, R
2252500, 85012352, 00000101000100010010111110000000, 0, 10377, 496, 426250, R
2300000, 74864320, 00000100011101100101011011000000, 0, 9138, 728, 426250, R
2347500, 6556480, 00000000011001000000101101000000, 0, 800, 360, 426250, R
2395000, 43202560, 00000010100100110011100000000000, 0, 5273, 768, 426250, R
2442500, 43202624, 00000010100100110011100001000000, 0, 5273, 776, 383750, R
2490000, 43202688, 00000010100100110011100010000000, 0, 5273, 784, 341250, R
2537500, 43202752, 00000010100100110011100011000000, 0, 5273, 792, 298750, R
2585000, 43202816, 00000010100100110011100100000000, 0, 5273, 800, 256250, R
2632500, 43202880, 00000010100100110011100101000000, 0, 5273, 808, 213750, R
2680000, 43202944, 00000010100100110011100110000000, 0, 5273, 816, 171250, R
2727500, 43203008, 00000010100100110011100111000000, 0, 5273, 824, 128750, R
2775000, 43203072, 00000010100100110011101000000000, 0, 5273, 832, 86250, R
2822500, 43203136, 00000010100100110011101001000000, 0, 5273, 840, 43750, R
2827500, 43203200, 00000010100100110011101010000000, 0, 5273, 848, 43750, R
2832500, 43203264, 00000010100100110011101011000000, 0, 5273, 856, 43750, R
2837500, 43203328, 00000010100100110011101100000000, 0, 5273, 864, 43750, R
2842500, 43203392, 00000010100100110011101101000000, 0, 5273, 872, 43750, R
2847500, 43203456, 00000010100100110011101110000000, 0, 5273, 880, 43750, R
2852500, 43203520, 00000010100100110011101111000000, 0, 5273, 888, 43750, R
2857500, 43203584, 00000010100100110011110000000000, 0, 5273, 896, 43750, R
2862500, 43203648, 00000010100100110011110001000000, 0, 5273, 904, 43750, R
2867500, 43203712, 00000010100100110011110010000000, 0, 5273, 912, 43750, R
2872500, 43203776, 00000010100100110011110011000000, 0, 5273, 920, 43750, R
2877500, 43203840, 00000010100100110011110100000000, 0, 5273, 928, 43750, R
2882500, 43203904, 00000010100100110011110101000000, 0, 5273, 936, 43750, R
2887500, 43203968, 00000010100100110011110110000000, 0, 5273, 944, 43750, R
2892500, 43204032, 00000010100100110011110111000000, 0, 5273, 952, 43750, R
2897500, 43204096, 00000010100100110011111000000000, 0, 5273, 960, 43750, R
2902500, 43204160, 00000010100100110011111001000000, 0, 5273, 968, 43750, R
2907500, 43204224, 00000010100100110011111010000000, 0, 5273, 976, 43750, R
2912500, 43204288, 00000010100100110011111011000000, 0, 5273, 984, 43750, R
2917500, 43200064, 00000010100100110010111001000000, 0, 5273, 456, 43750, R
2922500, 127709824, 00000111100111001011001010000000, 0, 15589, 592, 71250, R
2927500, 83654208, 00000100111111000111011001000000, 0, 10211, 712, 113750, R
2932500, 49195200, 00000010111011101010100011000000, 0, 6005, 280, 156250, R
2937500, 57083008, 00000011011001110000010010000000, 0, 6968, 144, 198750, R
2942500, 87364288, 00000101001101010001001011000000, 0, 10664, 600, 241250, R
2947500, 11484288, 00000000101011110011110010000000, 0, 1401, 912, 283750, R
2952500, 131978624, 00000111110111011101010110000000, 0, 16110, 688, 326250, R
2957500, 67726720, 00000100000010010110110110000000, 0, 8267, 432, 368750, R
2962500, 132466816, 00000111111001010100100010000000, 0, 16170, 272, 411250, R
2995000, 3098304, 00000000001011110100011011000000, 0, 378, 216, 426250, R
3042500, 93872320, 00000101100110000110000011000000, 0, 11459, 24, 426250, R
3090000, 69561984, 00000100001001010110111010000000, 0, 8491, 464, 426250, R
3137500, 127855552, 00000111100111101110101111000000, 0, 15607, 376, 426250, R
3185000, 40763264, 00000010011011011111111110000000, 0, 4975, 1008, 426250, R
3232500, 88149760, 00000101010000010000111100000000, 0, 10760, 480, 426250, R
3280000, 78442432, 00000100101011001110111111000000, 0, 9575, 504, 426250, R
3327500, 93051200, 00000101100010111101100101000000, 0, 11358, 808, 426250, R
3375000, 53312576, 00000011001011010111110001000000, 0, 6507, 904, 426250, R
3422500, 44688704, 00000010101010011110010101000000, 0, 5455, 168, 426250, R
3470000, 130878528, 00000111110011010000110001000000, 0, 15976, 392, 426250, R
3517500, 94088960, 00000101100110111010111100000000, 0, 11485, 480, 426250, R
3565000, 113576896, 00000110110001010000101111000000, 0, 13864, 376, 426250, R
3612500, 51497792, 00000011000100011100101101000000, 0, 6286, 360, 426250, R
3660000, 64783808, 00000011110111001000010111000000, 0, 7908, 184, 426250, R
3707500, 14465856, 00000000110111001011101101000000, 0, 1765, 872, 426250, R
3755000, 99034176, 00000101111001110010010001000000, 0, 12089, 136, 426250, R
3802500, 59991808, 00000011100100110110011100000000, 0, 7323, 224, 426250, R
3850000, 54951168, 00000011010001100111110100000000, 0, 6707, 928, 426250, R
3897500, 59127424, 00000011100001100011011010000000, 0, 7217, 720, 426250, R
3945000, 75448576, 00000100011111110100000100000000, 0, 9210, 32, 426250, R
3992500, 100065984, 00000101111101101110001011000000, 0, 12215, 88, 426250, R
4040000, 55143296, 00000011010010010110101110000000, 0, 6731, 368, 426250, R
4087500, 41646720, 00000010011110110111101010000000, 0, 5083, 848, 426250, R
4135000, 12847680, 00000000110001000000101001000000, 0, 1568, 328, 426250, R
4182500, 29276416, 00000001101111101011100100000000, 0, 3573, 800, 426250, R
4230000, 33124160, 00000001111110010110111101000000, 0, 4043, 488, 426250, R
4277500, 49635136, 00000010111101010101111101000000, 0, 6058, 1000, 426250, R
4325000, 48963968, 00000010111010110010000110000000, 0, 5977, 48, 426250, R
4372500, 36349824, 00000010001010101010011110000000, 0, 4437, 240, 426250, R
4420000, 27017536, 00000001100111000100000101000000, 0, 3298, 40, 426250, R
4467500, 75630720, 00000100100000100000100010000000, 0, 9232, 272, 426250, R
4515000, 1700608, 00000000000110011111001100000000, 0, 207, 608, 426250, R
4562500, 62233920, 00000011101101011001110101000000, 0, 7596, 936, 426250, R
4610000, 17732736, 00000001000011101001010010000000, 0, 2164, 656, 426250, R
4657500, 31858048, 00000001111001100001110110000000, 0, 3888, 944, 426250, R
4705000, 15476288, 00000000111011000010011001000000, 0, 1889, 200, 426250, R
4752500, 898880, 00000000000011011011011101000000, 0, 109, 744, 426250, R
4800000, 124785856, 00000111011100000001010011000000, 0, 15232, 664, 426250, R
4847500, 41339392, 00000010011101101100101000000000, 0, 5046, 320, 426250, R
4895000, 50762560, 00000011000001101001001101000000, 0, 6196, 616, 426250, R
4942500, 85610944, 00000101000110100101000111000000, 0, 10450, 568, 426250, R
4990000, 66512640, 00000011111101101110011100000000, 0, 8119, 224, 426250, R
5037500, 66512704, 00000011111101101110011101000000, 0, 8119, 232, 383750, R
5085000, 66512768, 00000011111101101110011110000000, 0, 8119, 240, 341250, R
5132500, 66512832, 00000011111101101110011111000000, 0, 8119, 248, 298750, R
5180000, 66512896, 00000011111101101110100000000000, 0, 8119, 256, 256250, R
5227500, 66512960, 00000011111101101110100001000000, 0, 8119, 264, 213750, R
5275000, 66513024, 00000011111101101110100010000000, 0, 8119, 272, 171250, R
5322500, 66512448, 00000011111101101110011001000000, 0, 8119, 200, 128750, R
5370000, 13059392, 00000000110001110100010101000000, 0, 1594, 168, 113750, R
5417500, 128373632, 00000111101001101101001110000000, 0, 15670, 624, 113750, R
5422500, 45633920, 00000010101110000101000110000000, 0, 5570, 560, 156250, R
5427500, 126366464, 00000111100010000011001100000000, 0, 15425, 608, 198750, R
5432500, 39962816, 00000010011000011100100011000000, 0, 4878, 280, 241250, R
5437500, 2710272, 00000000001010010101101100000000, 0, 330, 864, 283750, R
5442500, 37588544, 00000010001111011000111001000000, 0, 4588, 456, 326250, R
5447500, 45275328, 00000010101100101101100011000000, 0, 5526, 792, 368750, R
5452500, 36490240, 00000010001011001100110000000000, 0, 4454, 384, 411250, R
5485000, 30123200, 00000001110010111010010011000000, 0, 3677, 152, 426250, R
5532500, 126019264, 00000111100000101110011011000000, 0, 15383, 216, 426250, R
5580000, 22822272, 00000001010111000011110110000000, 0, 2785, 944, 426250, R
5627500, 91071872, 00000101011011011010010110000000, 0, 11117, 176, 426250, R
5675000, 91071936, 00000101011011011010010111000000, 0, 11117, 184, 383750, R
5722500, 91072000, 00000101011011011010011000000000, 0, 11117, 192, 341250, R
5770000, 91072064, 00000101011011011010011001000000, 0, 11117, 200, 298750, R
5817500, 91072128, 00000101011011011010011010000000, 0, 11117, 208, 256250, R
5865000, 91072192, 00000101011011011010011011000000, 0, 11117, 216, 213750, R
5912500, 91072256, 00000101011011011010011100000000, 0, 11117, 224, 171250, R
5960000, 91072320, 00000101011011011010011101000000, 0, 11117, 232, 128750, R
6007500, 91072384, 00000101011011011010011110000000, 0, 11117, 240, 86250, R
6055000, 91072448, 00000101011011011010011111000000, 0, 11117, 248, 43750, R
6060000, 91072512, 00000101011011011010100000000000, 0, 11117, 256, 43750, R
6065000, 91072576, 00000101011011011010100001000000, 0, 11117, 264, 43750, R
6070000, 91072640, 00000101011011011010100010000000, 0, 11117, 272, 43750, R
6075000, 91071040, 00000101011011011010001001000000, 0, 11117, 72, 43750, R
6080000, 108429888, 00000110011101101000001001000000, 0, 13236, 72, 71250, R
6085000, 92123520, 00000101011111011011000110000000, 0, 11245, 560, 113750, R
6090000, 28240960, 00000001101011101110110001000000, 0, 3447, 392, 156250, R
6095000, 28241024, 00000001101011101110110010000000, 0, 3447, 400, 156250, R
6100000, 28241088, 00000001101011101110110011000000, 0, 3447, 408, 156250, R
6105000, 28241152, 00000001101011101110110100000000, 0, 3447, 416, 156250, R
6110000, 28241216, 00000001101011101110110101000000, 0, 3447, 424, 156250, R
6115000, 28241280, 00000001101011101110110110000000, 0, 3447, 432, 156250, R
6120000, 28241344, 00000001101011101110110111000000, 0, 3447, 440, 156250, R
6152500, 28241408, 00000001101011101110111000000000, 0, 3447, 448, 128750, R
6200000, 28241472, 00000001101011101110111001000000, 0, 3447, 456, 86250, R
6247500, 28241536, 00000001101011101110111010000000, 0, 3447, 464, 43750, R
6252500, 28241600, 00000001101011101110111011000000, 0, 3447, 472, 43750, R
6257500, 28240384, 00000001101011101110101000000000, 0, 3447, 320, 43750, R
6262500, 123967360, 00000111011000111001011110000000, 0, 15132, 752, 71250, R
6267500, 19006592, 00000001001000100000010010000000, 0, 2320, 144, 113750, R
6272500, 102689536, 00000110000111101110101100000000, 0, 12535, 352, 156250, R
6277500, 47123200, 00000010110011110000101100000000, 0, 5752, 352, 198750, R
6282500, 80042240, 00000100110001010101100100000000, 0, 9770, 800, 241250, R
6287500, 87402304, 00000101001101011010011101000000, 0, 10669, 232, 283750, R
6292500, 106424192, 00000110010101111110011110000000, 0, 12991, 240, 326250, R
6297500, 53803712, 00000011001101001111101011000000, 0, 6567, 856, 368750, R
6302500, 30890496, 00000001110101110101101000000000, 0, 3770, 832, 411250, R
6335000, 20879168, 00000001001111101001011101000000, 0, 2548, 744, 426250, R
6382500, 57612544, 00000011011011110001100100000000, 0, 7032, 800, 426250, R
6430000, 42169600, 00000010100000110111010100000000, 0, 5147, 672, 426250, R
6477500, 86649984, 00000101001010100010110010000000, 0, 10577, 400, 426250, R
6525000, 65168128, 00000011111000100110001100000000, 0, 7955, 96, 426250, R
6572500, 71485824, 00000100010000101100100110000000, 0, 8726, 304, 426250, R
6620000, 123579264, 00000111010111011010101110000000, 0, 15085, 368, 426250, R
6667500, 61628480, 00000011101011000110000001000000, 0, 7523, 8, 426250, R
6715000, 94919872, 00000101101010000101110011000000, 0, 11586, 920, 426250, R
6762500, 120797760, 00000111001100110011101001000000, 0, 14745, 840, 426250, R
6810000, 129317824, 00000111101101010011101111000000, 0, 15785, 888, 426250, R
6857500, 19598080, 00000001001010110000101100000000, 0, 2392, 352, 426250, R
6905000, 68499456, 00000100000101010011100000000000, 0, 8361, 768, 426250, R
6952500, 35048256, 00000010000101101100101101000000, 0, 4278, 360, 426250, R
7000000, 13408960, 00000000110011001001101011000000, 0, 1636, 856, 426250, R
7047500, 46641984, 00000010110001111011001101000000, 0, 5693, 616, 426250, R
7095000, 45247872, 00000010101100100110110110000000, 0, 5523, 432, 426250, R
7142500, 7757504, 00000000011101100101111011000000, 0, 946, 984, 426250, R
7190000, 105912128, 00000110010100000001011101000000, 0, 12928, 744, 426250, R
7237500, 3745216, 00000000001110010010010111000000, 0, 457, 184, 426250, R
7285000, 380288, 00000000000001011100110110000000, 0, 46, 432, 426250, R
7332500, 114874048, 00000110110110001101011011000000, 0, 14022, 728, 426250, R
7380000, 11080448, 00000000101010010001001100000000, 0, 1352, 608, 426250, R
7427500, 65791872, 00000011111010111110011110000000, 0, 8031, 240, 426250, R
7475000, 89260160, 00000101010100100000000010000000, 0, 10896, 16, 426250, R
7522500, 113509632, 00000110110001000000010100000000, 0, 13856, 160, 426250, R
7570000, 77950400, 00000100101001010110110111000000, 0, 9515, 440, 426250, R
7617500, 81220480, 00000100110101110101001110000000, 0, 9914, 624, 426250, R
7665000, 92771072, 00000101100001111001001100000000, 0, 11324, 608, 426250, R
7712500, 53415744, 00000011001011110000111101000000, 0, 6520, 488, 426250, R
7760000, 55514368, 00000011010011110001010100000000, 0, 6776, 672, 426250, R
7807500, 34593664, 00000010000011111101101110000000, 0, 4222, 880, 426250, R
7855000, 119651392, 00000111001000011011110001000000, 0, 14605, 904, 426250, R
7902500, 28312000, 00000001101100000000000111000000, 0, 3456, 56, 426250, R
7950000, 91702272, 00000101011101110100010000000000, 0, 11194, 128, 426250, R
7997500, 131561536, 00000111110101110111100001000000, 0, 16059, 776, 426250, R
8045000, 23868800, 00000001011011000011010110000000, 0, 2913, 688, 426250, R
8092500, 85343104, 00000101000101100011101110000000, 0, 10417, 880, 426250, R
8140000, 130039680, 00000111110000000011111110000000, 0, 15873, 1008, 426250, R
8187500, 123538560, 00000111010111010000110010000000, 0, 15080, 400, 426250, R
8235000, 69878336, 00000100001010100100001001000000, 0, 8530, 72, 426250, R
8282500, 31935936, 00000001111001110100110111000000, 0, 3898, 440, 426250, R
8330000, 3222464, 00000000001100010010101111000000, 0, 393, 376, 426250, R
8377500, 97798016, 00000101110101000100011110000000, 0, 11938, 240, 426250, R
8425000, 129267072, 00000111101101000111010110000000, 0, 15779, 688, 426250, R
8472500, 32906816, 00000001111101100001111001000000, 0, 4016, 968, 426250, R
8520000, 127146560, 00000111100101000001101001000000, 0, 15520, 840, 426250, R
8567500, 8621248, 00000000100000111000110011000000, 0, 1052, 408, 426250, R
8615000, 116180480, 00000110111011001100011000000000, 0, 14182, 192, 426250, R
8662500, 130960832, 00000111110011100100110111000000, 0, 15986, 440, 426250, R
8710000, 111182528, 00000110101000001000001011000000, 0, 13572, 88, 426250, R
8757500, 40269120, 00000010011001100111010101000000, 0, 4915, 680, 426250, R
8805000, 101266048, 00000110000010010011001010000000, 0, 12361, 592, 426250, R
8852500, 80891968, 00000100110100100101000001000000, 0, 9874, 520, 426250, R
8900000, 8264192, 00000000011111100001101000000000, 0, 1008, 832, 426250, R
8947500, 79933632, 00000100110000111011000011000000, 0, 9757, 536, 426250, R
8995000, 66485696, 00000011111101100111110111000000, 0, 8115, 952, 426250, R
9042500, 28516992, 00000001101100110010001010000000, 0, 3481, 80, 426250, R
9090000, 39275904, 00000010010101110100110110000000, 0, 4794, 432, 426250, R
9137500, 124150336, 00000111011001100110001001000000, 0, 15155, 72, 426250, R
9185000, 90207488, 00000101011000000111010100000000, 0, 11011, 672, 426250, R
9232500, 41363968, 00000010011101110010101000000000, 0, 5049, 320, 426250, R
9280000, 117024960, 00000110111110011010100011000000, 0, 14285, 280, 426250, R
9327500, 50298688, 00000010111111110111111101000000, 0, 6139, 1000, 426250, R
9375000, 38649216, 00000010010011011011110110000000, 0, 4717, 944, 426250, R
9422500, 131895424, 00000111110111001001000010000000, 0, 16100, 528, 426250, R
9470000, 134152768, 00000111111111110000001001000000, 0, 16376, 72, 426250, R
9517500, 27088000, 00000001100111010101010010000000, 0, 3306, 656, 426250, R
9565000, 39604032, 00000010010111000100111101000000, 0, 4834, 488, 426250, R
9612500, 65293824, 00000011111001000100111000000000, 0, 7970, 448, 426250, R
9660000, 90605120, 00000101011001101000011001000000, 0, 11060, 200, 426250, R
9707500, 106428736, 00000110010101111111100101000000, 0, 12991, 808, 426250, R
9755000, 106428800, 00000110010101111111100110000000, 0, 12991, 816, 383750, R
9802500, 106428864, 00000110010101111111100111000000, 0, 12991, 824, 341250, R
9850000, 106428928, 00000110010101111111101000000000, 0, 12991, 832, 298750, R
9897500, 106428992, 00000110010101111111101001000000, 0, 12991, 840, 256250, R
9945000, 106429056, 00000110010101111111101010000000, 0, 12991, 848, 213750, R
9992500, 106429120, 00000110010101111111101011000000, 0, 12991, 856, 171250, R
10040000, 106429184, 00000110010101111111101100000000, 0, 12991, 864, 128750, R
10087500, 106429248, 00000110010101111111101101000000, 0, 12991, 872, 86250, R
10135000, 106429312, 00000110010101111111101110000000, 0, 12991, 880, 43750, R
10140000, 106428288, 00000110010101111111011110000000, 0, 12991, 752, 43750, R
10145000, 127618560, 00000111100110110100111000000000, 0, 15578, 448, 71250, R
10150000, 31153536, 00000001110110110101110110000000, 0, 3802, 944, 113750, R
10155000, 131622208, 00000111110110000110010101000000, 0, 16067, 168, 156250, R
10160000, 64605824, 00000011110110011100111010000000, 0, 7886, 464, 198750, R
10165000, 55327104, 00000011010011000011100110000000, 0, 6753, 816, 241250, R
10170000, 121539904, 00000111001111101000110101000000, 0, 14836, 424, 283750, R
10175000, 74161728, 00000100011010111001111001000000, 0, 9052, 968, 326250, R
10180000, 72417920, 00000100010100010000001010000000, 0, 8840, 80, 368750, R
10185000, 49843520, 00000010111110001000110101000000, 0, 6084, 424, 411250, R
10217500, 6076672, 00000000010111001011100100000000, 0, 741, 800, 426250, R
10265000, 121870784, 00000111010000111001100111000000, 0, 14876, 824, 426250, R
10312500, 52557120, 00000011001000011111010101000000, 0, 6415, 680, 426250, R
10360000, 16950784, 00000001000000101010011000000000, 0, 2069, 192, 426250, R
10407500, 85845696, 00000101000111011110011011000000, 0, 10479, 216, 426250, R
10455000, 120700544, 00000111001100011011111010000000, 0, 14733, 976, 426250, R
10502500, 78896704, 00000100101100111101111001000000, 0, 9630, 968, 426250, R
10550000, 1821888, 00000000000110111100110011000000, 0, 222, 408, 426250, R
10597500, 121843712, 00000111010000110011000000000000, 0, 14873, 512, 426250, R
10645000, 92824256, 00000101100010000110001011000000, 0, 11331, 88, 426250, R
10692500, 16124736, 00000000111101100000101101000000, 0, 1968, 360, 426250, R
10740000, 22413312, 00000001010101100000000000000000, 0, 2736, 0, 426250, R
10787500, 106773760, 00000110010111010011110100000000, 0, 13033, 928, 426250, R
10835000, 82343424, 00000100111010000111011000000000, 0, 10051, 704, 426250, R
10882500, 9363328, 00000000100011101101111110000000, 0, 1142, 1008, 426250, R
10930000, 78663232, 00000100101100000100111001000000, 0, 9602, 456, 426250, R
10977500, 44928128, 00000010101011011000110010000000, 0, 5484, 400, 426250, R
11025000, 81015296, 00000100110101000011001000000000, 0, 9889, 576, 426250, R
11072500, 67278592, 00000100000000101001011100000000, 0, 8212, 736, 426250, R
11120000, 91399360, 00000101011100101010010011000000, 0, 11157, 152, 426250, R
11167500, 34358848, 00000010000011000100011001000000, 0, 4194, 200, 426250, R
11215000, 42833280, 00000010100011011001010110000000, 0, 5228, 688, 426250, R
11262500, 132648960, 00000111111010000001000000000000, 0, 16192, 512, 426250, R
11310000, 21545152, 00000001010010001100000011000000, 0, 2630, 24, 426250, R
11357500, 92521152, 00000101100000111100001011000000, 0, 11294, 88, 426250, R
11405000, 92521216, 00000101100000111100001100000000, 0, 11294, 96, 383750, R
11452500, 92520832, 00000101100000111100000110000000, 0, 11294, 48, 341250, R
11500000, 62322944, 00000011101101101111100100000000, 0, 7607, 800, 331250, R
11547500, 31786688, 00000001111001010000011011000000, 0, 3880, 216, 331250, R
11595000, 91339584, 00000101011100011011101101000000, 0, 11149, 872, 331250, R
11642500, 121509568, 00000111001111100001011011000000, 0, 14832, 728, 331250, R
11690000, 126010944, 00000111100000101100011001000000, 0, 15382, 200, 331250, R
11737500, 52902656, 00000011001001110011101100000000, 0, 6457, 864, 331250, R
11785000, 52902720, 00000011001001110011101101000000, 0, 6457, 872, 288750, R
11790000, 52902784, 00000011001001110011101110000000, 0, 6457, 880, 288750, R
11795000, 52902848, 00000011001001110011101111000000, 0, 6457, 888, 288750, R
11832500, 52902912, 00000011001001110011110000000000, 0, 6457, 896, 256250, R
11880000, 52902976, 00000011001001110011110001000000, 0, 6457, 904, 213750, R
11927500, 52903040, 00000011001001110011110010000000, 0, 6457, 912, 171250, R
11975000, 52903104, 00000011001001110011110011000000, 0, 6457, 920, 128750, R
12022500, 52903168, 00000011001001110011110100000000, 0, 6457, 928, 86250, R
12070000, 52903232, 00000011001001110011110101000000, 0, 6457, 936, 43750, R
12075000, 52903296, 00000011001001110011110110000000, 0, 6457, 944, 43750, R
12080000, 52903360, 00000011001001110011110111000000, 0, 6457, 952, 43750, R
12085000, 52903424, 00000011001001110011111000000000, 0, 6457, 960, 43750, R
12090000, 52903488, 00000011001001110011111001000000, 0, 6457, 968, 43750, R
12095000, 52903552, 00000011001001110011111010000000, 0, 6457, 976, 43750, R
12100000, 52902592, 00000011001001110011101011000000, 0, 6457, 856, 43750, R
12105000, 78094528, 00000100101001111010000011000000, 0, 9533, 24, 71250, R
12110000, 34176704, 00000010000010010111111011000000, 0, 4171, 984, 113750, R
12115000, 11228544, 00000000101010110101010110000000, 0, 1370, 688, 156250, R
12120000, 11228608, 00000000101010110101010111000000, 0, 1370, 696, 156250, R
12125000, 11228672, 00000000101010110101011000000000, 0, 1370, 704, 156250, R
12130000, 11228736, 00000000101010110101011001000000, 0, 1370, 712, 156250, R
12135000, 11228800, 00000000101010110101011010000000, 0, 1370, 720, 156250, R
12140000, 11228864, 00000000101010110101011011000000, 0, 1370, 728, 156250, R
12145000, 11228928, 00000000101010110101011100000000, 0, 1370, 736, 156250, R
12177500, 11228992, 00000000101010110101011101000000, 0, 1370, 744, 128750, R
12225000, 11229056, 00000000101010110101011110000000, 0, 1370, 752, 86250, R
12272500, 11229120, 00000000101010110101011111000000, 0, 1370, 760, 43750, R
12277500, 11229184, 00000000101010110101100000000000, 0, 1370, 768, 43750, R
12282500, 11229248, 00000000101010110101100001000000, 0, 1370, 776, 43750, R
12287500, 11229312, 00000000101010110101100010000000, 0, 1370, 784, 43750, R
12292500, 11229376, 00000000101010110101100011000000, 0, 1370, 792, 43750, R
12297500, 11229440, 00000000101010110101100100000000, 0, 1370, 800, 43750, R
12302500, 11229504, 00000000101010110101100101000000, 0, 1370, 808, 43750, R
12307500, 11229568, 00000000101010110101100110000000, 0, 1370, 816, 43750, R
12312500, 11229632, 00000000101010110101100111000000, 0, 1370, 824, 43750, R
12317500, 11229696, 00000000101010110101101000000000, 0, 1370, 832, 43750, R
12322500, 11229760, 00000000101010110101101001000000, 0, 1370, 840, 43750, R
12327500, 11229824, 00000000101010110101101010000000, 0, 1370, 848, 43750, R
12332500, 11229888, 00000000101010110101101011000000, 0, 1370, 856, 43750, R
12337500, 11229952, 00000000101010110101101100000000, 0, 1370, 864, 43750, R
12342500, 11230016, 00000000101010110101101101000000, 0, 1370, 872, 43750, R
12347500, 11230080, 00000000101010110101101110000000, 0, 1370, 880, 43750, R
12352500, 11230144, 00000000101010110101101111000000, 0, 1370, 888, 43750, R
12357500, 11230208, 00000000101010110101110000000000, 0, 1370, 896, 43750, R
12362500, 11230272, 00000000101010110101110001000000, 0, 1370, 904, 43750, R
12367500, 11230336, 00000000101010110101110010000000, 0, 1370, 912, 43750, R
12372500, 11228352, 00000000101010110101010011000000, 0, 1370, 664, 43750, R
12377500, 82313920, 00000100111010000000001011000000, 0, 10048, 88, 71250, R
12382500, 39958592, 00000010011000011011100001000000, 0, 4877, 776, 113750, R
12387500, 119214912, 00000111000110110001001101000000, 0, 14552, 616, 156250, R
12392500, 33147072, 00000001111110011100100011000000, 0, 4046, 280, 198750, R
12397500, 91844416, 00000101011110010110111101000000, 0, 11211, 488, 241250, R
12402500, 10407808, 00000000100111101100111110000000, 0, 1270, 496, 283750, R
12407500, 74951360, 00000100011101111010101011000000, 0, 9149, 344, 326250, R
12412500, 74951424, 00000100011101111010101100000000, 0, 9149, 352, 326250, R
12417500, 74951488, 00000100011101111010101101000000, 0, 9149, 360, 326250, R
12450000, 74951552, 00000100011101111010101110000000, 0, 9149, 368, 298750, R
12497500, 74951616, 00000100011101111010101111000000, 0, 9149, 376, 256250, R
12545000, 74951680, 00000100011101111010110000000000, 0, 9149, 384, 213750, R
12592500, 74951744, 00000100011101111010110001000000, 0, 9149, 392, 171250, R
12640000, 74951808, 00000100011101111010110010000000, 0, 9149, 400, 128750, R
12687500, 74951872, 00000100011101111010110011000000, 0, 9149, 408, 86250, R
12735000, 74951936, 00000100011101111010110100000000, 0, 9149, 416, 43750, R
12740000, 74952000, 00000100011101111010110101000000, 0, 9149, 424, 43750, R
12745000, 74952064, 00000100011101111010110110000000, 0, 9149, 432, 43750, R
12750000, 74952128, 00000100011101111010110111000000, 0, 9149, 440, 43750, R
12755000, 74952192, 00000100011101111010111000000000, 0, 9149, 448, 43750, R
12760000, 74952256, 00000100011101111010111001000000, 0, 9149, 456, 43750, R
12765000, 74952320, 00000100011101111010111010000000, 0, 9149, 464, 43750, R
12770000, 74952384, 00000100011101111010111011000000, 0, 9149, 472, 43750, R
12775000, 74951296, 00000100011101111010101010000000, 0, 9149, 336, 43750, R
12780000, 133004416, 00000111111011010111110010000000, 0, 16235, 912, 71250, R
12785000, 124589184, 00000111011011010001010010000000, 0, 15208, 656, 113750, R
12790000, 96486464, 00000101110000000100010001000000, 0, 11778, 136, 156250, R
12795000, 95006272, 00000101101010011010111001000000, 0, 11597, 456, 198750, R
12800000, 96224512, 00000101101111000100010100000000, 0, 11746, 160, 241250, R
12805000, 60724608, 00000011100111101001010110000000, 0, 7412, 688, 283750, R
12810000, 87734016, 00000101001110101011011100000000, 0, 10709, 736, 326250, R
12815000, 63734656, 00000011110011001000001110000000, 0, 7780, 112, 368750, R
12820000, 99694208, 00000101111100010011011010000000, 0, 12169, 720, 411250, R
12852500, 102512256, 00000110000111000011011010000000, 0, 12513, 720, 426250, R
12900000, 122929408, 00000111010100111100000100000000, 0, 15006, 32, 426250, R
12947500, 131116544, 00000111110100001010111000000000, 0, 16005, 448, 426250, R
12995000, 69932544, 00000100001010110001011000000000, 0, 8536, 704, 426250, R
13042500, 105279168, 00000110010001100110111011000000, 0, 12851, 472, 426250, R
13090000, 105279232, 00000110010001100110111100000000, 0, 12851, 480, 383750, R
13137500, 105279296, 00000110010001100110111101000000, 0, 12851, 488, 341250, R
13185000, 105279360, 00000110010001100110111110000000, 0, 12851, 496, 298750, R
13232500, 105279424, 00000110010001100110111111000000, 0, 12851, 504, 256250, R
13280000, 105279488, 00000110010001100111000000000000, 0, 12851, 512, 213750, R
13327500, 105279552, 00000110010001100111000001000000, 0, 12851, 520, 171250, R
13375000, 105279616, 00000110010001100111000010000000, 0, 12851, 528, 128750, R
13422500, 105279680, 00000110010001100111000011000000, 0, 12851, 536, 86250, R
13470000, 105279744, 00000110010001100111000100000000, 0, 12851, 544, 43750, R
13475000, 105279808, 00000110010001100111000101000000, 0, 12851, 552, 43750, R
13480000, 105279872, 00000110010001100111000110000000, 0, 12851, 560, 43750, R
13485000, 105279936, 00000110010001100111000111000000, 0, 12851, 568, 43750, R
13490000, 105280000, 00000110010001100111001000000000, 0, 12851, 576, 43750, R
13495000, 105280064, 00000110010001100111001001000000, 0, 12851, 584, 43750, R
13500000, 105280128, 00000110010001100111001010000000, 0, 12851, 592, 43750, R
13505000, 105280192, 00000110010001100111001011000000, 0, 12851, 600, 43750, R
13510000, 105280256, 00000110010001100111001100000000, 0, 12851, 608, 43750, R
13515000, 105280320, 00000110010001100111001101000000, 0, 12851, 616, 43750, R
13520000, 105280384, 00000110010001100111001110000000, 0, 12851, 624, 43750, R
13525000, 105280448, 00000110010001100111001111000000, 0, 12851, 632, 43750, R
13530000, 105280512, 00000110010001100111010000000000, 0, 12851, 640, 43750, R
13535000, 105280576, 00000110010001100111010001000000, 0, 12851, 648, 43750, R
13540000, 105280640, 00000110010001100111010010000000, 0, 12851, 656, 43750, R
13545000, 105280704, 00000110010001100111010011000000, 0, 12851, 664, 43750, R
13550000, 105280768, 00000110010001100111010100000000, 0, 12851, 672, 43750, R
13555000, 105280832, 00000110010001100111010101000000, 0, 12851, 680, 43750, R
13560000, 105280896, 00000110010001100111010110000000, 0, 12851, 688, 43750, R
13565000, 105280960, 00000110010001100111010111000000, 0, 12851, 696, 43750, R
13570000, 105281024, 00000110010001100111011000000000, 0, 12851, 704, 43750, R
13575000, 105281088, 00000110010001100111011001000000, 0, 12851, 712, 43750, R
13580000, 105281152, 00000110010001100111011010000000, 0, 12851, 720, 43750, R
13585000, 105281216, 00000110010001100111011011000000, 0, 12851, 728, 43750, R
13590000, 105281280, 00000110010001100111011100000000, 0, 12851, 736, 43750, R
13595000, 105281344, 00000110010001100111011101000000, 0, 12851, 744, 43750, R
13600000, 105281408, 00000110010001100111011110000000, 0, 12851, 752, 43750, R
13605000, 105281472, 00000110010001100111011111000000, 0, 12851, 760, 43750, R
13610000, 105281536, 00000110010001100111100000000000, 0, 12851, 768, 43750, R
13615000, 105281600, 00000110010001100111100001000000, 0, 12851, 776, 43750, R
13620000, 105281664, 00000110010001100111100010000000, 0, 12851, 784, 43750, R
13625000, 105281728, 00000110010001100111100011000000, 0, 12851, 792, 43750, R
13630000, 105281792, 00000110010001100111100100000000, 0, 12851, 800, 43750, R
13635000, 105278272, 00000110010001100110101101000000, 0, 12851, 360, 43750, R
13640000, 102434560, 00000110000110110000011100000000, 0, 12504, 224, 71250, R
13645000, 36062336, 00000010001001100100010010000000, 0, 4402, 144, 113750, R
13650000, 64563200, 00000011110110010010100000000000, 0, 7881, 256, 156250, R
13655000, 20648320, 00000001001110110001000110000000, 0, 2520, 560, 198750, R
13660000, 98080064, 00000101110110001001010101000000, 0, 11972, 680, 241250, R
13665000, 35858560, 00000010001000110010100010000000, 0, 4377, 272, 283750, R
13670000, 95312576, 00000101101011100101101011000000, 0, 11634, 856, 326250, R
13675000, 88738112, 00000101010010100000100101000000, 0, 10832, 296, 368750, R
13680000, 113293568, 00000110110000001011100100000000, 0, 13829, 800, 411250, R
13712500, 87772928, 00000101001110110100111100000000, 0, 10714, 480, 426250, R
13760000, 22729024, 00000001010110101101000101000000, 0, 2774, 552, 426250, R
13807500, 2006272, 00000000000111101001110100000000, 0, 244, 928, 426250, R
13855000, 77960960, 00000100101001011001011100000000, 0, 9516, 736, 426250, R
13902500, 73093376, 00000100010110110101000100000000, 0, 8922, 544, 426250, R
13950000, 25293056, 00000001100000011111000100000000, 0, 3087, 544, 426250, R
13997500, 71798464, 00000100010001111000111011000000, 0, 8764, 472, 426250, R
14045000, 117650240, 00000111000000110011001101000000, 0, 14361, 616, 426250, R
14092500, 70749440, 00000100001101111000110100000000, 0, 8636, 416, 426250, R
14140000, 18692864, 00000001000111010011101100000000, 0, 2281, 864, 426250, R
14187500, 130773120, 00000111110010110111000010000000, 0, 15963, 528, 426250, R
14235000, 28186112, 00000001101011100001011000000000, 0, 3440, 704, 426250, R
14282500, 123391296, 00000111010110101100110101000000, 0, 15062, 424, 426250, R
14330000, 58440832, 00000011011110111011110010000000, 0, 7133, 912, 426250, R
14377500, 90531072, 00000101011001010110010100000000, 0, 11051, 160, 426250, R
14425000, 104248384, 00000110001101101011010001000000, 0, 12725, 648, 426250, R
14472500, 70078272, 00000100001011010100111101000000, 0, 8554, 488, 426250, R
14520000, 128615040, 00000111101010101000001010000000, 0, 15700, 80, 426250, R
14567500, 17299328, 00000001000001111111011110000000, 0, 2111, 752, 426250, R
14615000, 88000000, 00000101001111101100011000000000, 0, 10742, 192, 426250, R
14662500, 72035200, 00000100010010110010101110000000, 0, 8793, 368, 426250, R
14710000, 121297152, 00000111001110101101100100000000, 0, 14806, 800, 426250, R
14757500, 43987392, 00000010100111110011000111000000, 0, 5369, 568, 426250, R
14805000, 117250048, 00000110111111010001100000000000, 0, 14312, 768, 426250, R
14852500, 85360512, 00000101000101100111111110000000, 0, 10419, 1008, 426250, R
14900000, 26937216, 00000001100110110000011110000000, 0, 3288, 240, 426250, R
14947500, 108905472, 00000110011111011100010000000000, 0, 13294, 128, 426250, R
14995000, 75979200, 00000100100001110101100111000000, 0, 9274, 824, 426250, R
15042500, 113908992, 00000110110010100001110100000000, 0, 13904, 928, 426250, R
15090000, 38456256, 00000010010010101100101111000000, 0, 4694, 376, 426250, R
15137500, 10209664, 00000000100110111100100110000000, 0, 1246, 304, 426250, R
15185000, 105515072, 00000110010010100000100001000000, 0, 12880, 264, 426250, R
15232500, 75440576, 00000100011111110010000111000000, 0, 9209, 56, 426250, R
15280000, 96989632, 00000101110001111111000111000000, 0, 11839, 568, 426250, R
15327500, 120760320, 00000111001100101010100000000000, 0, 14741, 256, 426250, R
15375000, 120760384, 00000111001100101010100001000000, 0, 14741, 264, 383750, R
15422500, 120760448, 00000111001100101010100010000000, 0, 14741, 272, 341250, R
15470000, 120760512, 00000111001100101010100011000000, 0, 14741, 280, 298750, R
15517500, 120760576, 00000111001100101010100100000000, 0, 14741, 288, 256250, R
15565000, 120760640, 00000111001100101010100101000000, 0, 14741, 296, 213750, R
15612500, 120760704, 00000111001100101010100110000000, 0, 14741, 304, 171250, R
15660000, 120760768, 00000111001100101010100111000000, 0, 14741, 312, 128750, R
15707500, 120760832, 00000111001100101010101000000000, 0, 14741, 320, 86250, R
15755000, 120760896, 00000111001100101010101001000000, 0, 14741, 328, 43750, R
15760000, 120760960, 00000111001100101010101010000000, 0, 14741, 336, 43750, R
15765000, 120761024, 00000111001100101010101011000000, 0, 14741, 344, 43750, R
15770000, 120761088, 00000111001100101010101100000000, 0, 14741, 352, 43750, R
15775000, 120761152, 00000111001100101010101101000000, 0, 14741, 360, 43750, R
15780000, 120761216, 00000111001100101010101110000000, 0, 14741, 368, 43750, R
15785000, 120761280, 00000111001100101010101111000000, 0, 14741, 376, 43750, R
15790000, 120761344, 00000111001100101010110000000000, 0, 14741, 384, 43750, R
15795000, 120761408, 00000111001100101010110001000000, 0, 14741, 392, 43750, R
15800000, 120761472, 00000111001100101010110010000000, 0, 14741, 400, 43750, R
15805000, 120761536, 00000111001100101010110011000000, 0, 14741, 408, 43750, R
15810000, 120761600, 00000111001100101010110100000000, 0, 14741, 416, 43750, R
15815000, 120761664, 00000111001100101010110101000000, 0, 14741, 424, 43750, R
15820000, 120761728, 00000111001100101010110110000000, 0, 14741, 432, 43750, R
15825000, 120761792, 00000111001100101010110111000000, 0, 14741, 440, 43750, R
15830000, 120761856, 00000111001100101010111000000000, 0, 14741, 448, 43750, R
15835000, 120761920, 00000111001100101010111001000000, 0, 14741, 456, 43750, R
15840000, 120761984, 00000111001100101010111010000000, 0, 14741, 464, 43750, R
15845000, 120762048, 00000111001100101010111011000000, 0, 14741, 472, 43750, R
15850000, 120762112, 00000111001100101010111100000000, 0, 14741, 480, 43750, R
15855000, 120762176, 00000111001100101010111101000000, 0, 14741, 488, 43750, R
15860000, 120762240, 00000111001100101010111110000000, 0, 14741, 496, 43750, R
15865000, 120762304, 00000111001100101010111111000000, 0, 14741, 504, 43750, R
15870000, 120762368, 00000111001100101011000000000000, 0, 14741, 512, 43750, R
15875000, 120762432, 00000111001100101011000001000000, 0, 14741, 520, 43750, R
15880000, 120762496, 00000111001100101011000010000000, 0, 14741, 528, 43750, R
15885000, 120762560, 00000111001100101011000011000000, 0, 14741, 536, 43750, R
15890000, 120758528, 00000111001100101010000100000000, 0, 14741, 32, 43750, R
15895000, 114444288, 00000110110100100100100000000000, 0, 13970, 256, 71250, R
15900000, 29061184, 00000001101110110111000001000000, 0, 3547, 520, 113750, R
15905000, 87388480, 00000101001101010111000101000000, 0, 10667, 552, 156250, R
15910000, 58481024, 00000011011111000101100110000000, 0, 7138, 816, 198750, R
15915000, 7066816, 00000000011010111101010011000000, 0, 862, 664, 241250, R
15920000, 102843904, 00000110001000010100011000000000, 0, 12554, 192, 283750, R
15925000, 116679040, 00000110111101000110000110000000, 0, 14243, 48, 326250, R
15930000, 923456, 00000000000011100001011101000000, 0, 112, 744, 368750, R
15935000, 62644544, 00000011101110111110000101000000, 0, 7647, 40, 411250, R
15967500, 52394432, 00000011000111110111100111000000, 0, 6395, 824, 426250, R
16015000, 124168832, 00000111011001101010101010000000, 0, 15157, 336, 426250, R
16062500, 132572352, 00000111111001101110010011000000, 0, 16183, 152, 426250, R
16110000, 48309696, 00000010111000010010010111000000, 0, 5897, 184, 426250, R
16157500, 128849344, 00000111101011100001010111000000, 0, 15728, 696, 426250, R
16205000, 102875968, 00000110001000011100001101000000, 0, 12558, 104, 426250, R
16252500, 110787520, 00000110100110100111101111000000, 0, 13523, 888, 426250, R
16300000, 130088064, 00000111110000001111110010000000, 0, 15879, 912, 426250, R
16347500, 47934720, 00000010110110110110110100000000, 0, 5851, 416, 426250, R
16395000, 73503360, 00000100011000011001001010000000, 0, 8972, 592, 426250, R
16442500, 108504320, 00000110011101111010010100000000, 0, 13245, 160, 426250, R
16490000, 4664832, 00000000010001110010111000000000, 0, 569, 448, 426250, R
16537500, 122013440, 00000111010001011100011100000000, 0, 14894, 224, 426250, R
16585000, 100181824, 00000101111110001010011101000000, 0, 12229, 232, 426250, R
16632500, 17694528, 00000001000011011111111101000000, 0, 2159, 1000, 426250, R
16680000, 47326592, 00000010110100100010010110000000, 0, 5777, 176, 426250, R
16727500, 48384, 00000000000000001011110100000000, 0, 5, 928, 426250, R
16775000, 21612800, 00000001010010011100100100000000, 0, 2638, 288, 426250, R
16822500, 58721984, 00000011100000000000011011000000, 0, 7168, 216, 426250, R
16870000, 26906560, 00000001100110101000111111000000, 0, 3284, 504, 426250, R
16917500, 108195584, 00000110011100101110111100000000, 0, 13207, 480, 426250, R
16965000, 55049664, 00000011010001111111110111000000, 0, 6719, 952, 426250, R
17012500, 31349056, 00000001110111100101100101000000, 0, 3826, 808, 426250, R
17060000, 2059328, 00000000000111110110110001000000, 0, 251, 392, 426250, R
17107500, 2059392, 00000000000111110110110010000000, 0, 251, 400, 383750, R
17155000, 2059456, 00000000000111110110110011000000, 0, 251, 408, 341250, R
17202500, 2059520, 00000000000111110110110100000000, 0, 251, 416, 298750, R
17250000, 2059584, 00000000000111110110110101000000, 0, 251, 424, 256250, R
17297500, 2059648, 00000000000111110110110110000000, 0, 251, 432, 213750, R
17345000, 2059712, 00000000000111110110110111000000, 0, 251, 440, 171250, R
17392500, 2059776, 00000000000111110110111000000000, 0, 251, 448, 128750, R
17440000, 2059840, 00000000000111110110111001000000, 0, 251, 456, 86250, R
17487500, 2059904, 00000000000111110110111010000000, 0, 251, 464, 43750, R
17492500, 2059968, 00000000000111110110111011000000, 0, 251, 472, 43750, R
17497500, 2060032, 00000000000111110110111100000000, 0, 251, 480, 43750, R
17502500, 2060096, 00000000000111110110111101000000, 0, 251, 488, 43750, R
17507500, 2060160, 00000000000111110110111110000000, 0, 251, 496, 43750, R
17512500, 2060224, 00000000000111110110111111000000, 0, 251, 504, 43750, R
17517500, 2060288, 00000000000111110111000000000000, 0, 251, 512, 43750, R
17522500, 2060352, 00000000000111110111000001000000, 0, 251, 520, 43750, R
17527500, 2060416, 00000000000111110111000010000000, 0, 251, 528, 43750, R
17532500, 2060480, 00000000000111110111000011000000, 0, 251, 536, 43750, R
17537500, 2060544, 00000000000111110111000100000000, 0, 251, 544, 43750, R
17542500, 2060608, 00000000000111110111000101000000, 0, 251, 552, 43750, R
17547500, 2060672, 00000000000111110111000110000000, 0, 251, 560, 43750, R
17552500, 2060736, 00000000000111110111000111000000, 0, 251, 568, 43750, R
17557500, 2060800, 00000000000111110111001000000000, 0, 251, 576, 43750, R
17562500, 2058240, 00000000000111110110100000000000, 0, 251, 256, 43750, R
17567500, 70752896, 00000100001101111001101010000000, 0, 8636, 848, 71250, R
17572500, 23187840, 00000001011000011101000110000000, 0, 2830, 560, 113750, R
17577500, 11521472, 00000000101011111100110111000000, 0, 1406, 440, 156250, R
17582500, 8961088, 00000000100010001011110001000000, 0, 1093, 904, 198750, R
17587500, 19047168, 00000001001000101010001100000000, 0, 2325, 96, 241250, R
17592500, 20980096, 00000001010000000010000110000000, 0, 2561, 48, 283750, R
17597500, 14479552, 00000000110111001111000011000000, 0, 1767, 536, 326250, R
17602500, 39507072, 00000010010110101101010010000000, 0, 4822, 656, 368750, R
17607500, 61600128, 00000011101010111111000110000000, 0, 7519, 560, 411250, R
17640000, 52773248, 00000011001001010100000110000000, 0, 6442, 48, 426250, R
17687500, 60197952, 00000011100101101000110001000000, 0, 7348, 392, 426250, R
17735000, 33915584, 00000010000001011000001011000000, 0, 4140, 88, 426250, R
17782500, 87254144, 00000101001100110110010010000000, 0, 10651, 144, 426250, R
17830000, 44444480, 00000010101001100010101101000000, 0, 5425, 360, 426250, R
17877500, 116638528, 00000110111100111100001101000000, 0, 14238, 104, 426250, R
17925000, 131440576, 00000111110101011001111111000000, 0, 16044, 1016, 426250, R
17972500, 5357824, 00000000010100011100000100000000, 0, 654, 32, 426250, R
18020000, 27329792, 00000001101000010000010100000000, 0, 3336, 160, 426250, R
18067500, 124762368, 00000111011011111011100100000000, 0, 15229, 800, 426250, R
18115000, 56690176, 00000011011000010000011000000000, 0, 6920, 192, 426250, R
18162500, 85778048, 00000101000111001101111010000000, 0, 10470, 976, 426250, R
18210000, 6019776, 00000000010110111101101011000000, 0, 734, 856, 426250, R
18257500, 85517056, 00000101000110001110001100000000, 0, 10439, 96, 426250, R
18305000, 99626304, 00000101111100000010110101000000, 0, 12161, 424, 426250, R
18352500, 119936256, 00000111001001100001010100000000, 0, 14640, 672, 426250, R
18400000, 81007104, 00000100110101000001001000000000, 0, 9888, 576, 426250, R
18447500, 25677888, 00000001100001111101000001000000, 0, 3134, 520, 426250, R
18495000, 84176896, 00000101000001000111000000000000, 0, 10275, 512, 426250, R
18542500, 45122240, 00000010101100001000001011000000, 0, 5508, 88, 426250, R
18590000, 4943488, 00000000010010110110111010000000, 0, 603, 464, 426250, R
18637500, 48785920, 00000010111010000110101000000000, 0, 5955, 320, 426250, R
18685000, 91043904, 00000101011011010011100001000000, 0, 11113, 776, 426250, R
18732500, 99475584, 00000101111011011110000010000000, 0, 12143, 16, 426250, R
18780000, 70709120, 00000100001101101110111110000000, 0, 8631, 496, 426250, R
18827500, 66822208, 00000011111110111010000001000000, 0, 8157, 8, 426250, R
18875000, 96688320, 00000101110000110101100011000000, 0, 11802, 792, 426250, R
18922500, 51501440, 00000011000100011101100110000000, 0, 6286, 816, 426250, R
18970000, 25750528, 00000001100010001110110000000000, 0, 3143, 384, 426250, R
19017500, 101680512, 00000110000011111000010110000000, 0, 12412, 176, 426250, R
19065000, 42831872, 00000010100011011001000000000000, 0, 5228, 512, 426250, R
19112500, 42831936, 00000010100011011001000001000000, 0, 5228, 520, 383750, R
19160000, 42832000, 00000010100011011001000010000000, 0, 5228, 528, 341250, R
19207500, 42832064, 00000010100011011001000011000000, 0, 5228, 536, 298750, R
19255000, 42832128, 00000010100011011001000100000000, 0, 5228, 544, 256250, R
19302500, 42832192, 00000010100011011001000101000000, 0, 5228, 552, 213750, R
19350000, 42832256, 00000010100011011001000110000000, 0, 5228, 560, 171250, R
19397500, 42832320, 00000010100011011001000111000000, 0, 5228, 568, 128750, R
19445000, 42832384, 00000010100011011001001000000000, 0, 5228, 576, 86250, R
19492500, 42832448, 00000010100011011001001001000000, 0, 5228, 584, 43750, R
19497500, 42832512, 00000010100011011001001010000000, 0, 5228, 592, 43750, R
19502500, 42832576, 00000010100011011001001011000000, 0, 5228, 600, 43750, R
19507500, 42832640, 00000010100011011001001100000000, 0, 5228, 608, 43750, R
19512500, 42832704, 00000010100011011001001101000000, 0, 5228, 616, 43750, R
19517500, 42832768, 00000010100011011001001110000000, 0, 5228, 624, 43750, R
19522500, 42832832, 00000010100011011001001111000000, 0, 5228, 632, 43750, R
19527500, 42832896, 00000010100011011001010000000000, 0, 5228, 640, 43750, R
19532500, 42832960, 00000010100011011001010001000000, 0, 5228, 648, 43750, R
19537500, 42833024, 00000010100011011001010010000000, 0, 5228, 656, 43750, R
19542500, 42833088, 00000010100011011001010011000000, 0, 5228, 664, 43750, R
19547500, 42833152, 00000010100011011001010100000000, 0, 5228, 672, 43750, R
19552500, 42833216, 00000010100011011001010101000000, 0, 5228, 680, 43750, R
19557500, 42833280, 00000010100011011001010110000000, 0, 5228, 688, 43750, R
19562500, 42833344, 00000010100011011001010111000000, 0, 5228, 696, 43750, R
19567500, 42833408, 00000010100011011001011000000000, 0, 5228, 704, 43750, R
19572500, 42833472, 00000010100011011001011001000000, 0, 5228, 712, 43750, R
19577500, 42833536, 00000010100011011001011010000000, 0, 5228, 720, 43750, R
19582500, 42833600, 00000010100011011001011011000000, 0, 5228, 728, 43750, R
19587500, 42833664, 00000010100011011001011100000000, 0, 5228, 736, 43750, R
19592500, 42833728, 00000010100011011001011101000000, 0, 5228, 744, 43750, R
19597500, 42833792, 00000010100011011001011110000000, 0, 5228, 752, 43750, R
19602500, 42827712, 00000010100011010111111111000000, 0, 5227, 1016, 71250, R
19607500, 76348544, 00000100100011001111110010000000, 0, 9319, 912, 113750, R
19612500, 125443584, 00000111011110100001111000000000, 0, 15312, 960, 156250, R
19617500, 94843008, 00000101101001110011000010000000, 0, 11577, 528, 198750, R
19622500, 70459520, 00000100001100110010000010000000, 0, 8601, 16, 241250, R
19627500, 53017152, 00000011001010001111101001000000, 0, 6471, 840, 283750, R
19632500, 2534592, 00000000001001101010110011000000, 0, 309, 408, 326250, R
19637500, 108916416, 00000110011111011110111011000000, 0, 13295, 472, 368750, R
19642500, 103382976, 00000110001010010111111111000000, 0, 12619, 1016, 411250, R
19675000, 111795584, 00000110101010011101110110000000, 0, 13646, 944, 426250, R
19722500, 57947712, 00000011011101000011011001000000, 0, 7073, 712, 426250, R
19770000, 63812224, 00000011110011011011001010000000, 0, 7789, 592, 426250, R
19817500, 111664064, 00000110101001111101101111000000, 0, 13630, 888, 426250, R
19865000, 60856640, 00000011101000001001100101000000, 0, 7428, 808, 426250, R
19912500, 67190400, 00000100000000010011111010000000, 0, 8201, 976, 426250, R
19960000, 89311232, 00000101010100101100100000000000, 0, 10902, 256, 426250, R
20007500, 50301184, 00000010111111111000100100000000, 0, 6140, 288, 426250, R
20055000, 112762688, 00000110101110001001111101000000, 0, 13764, 1000, 426250, R
20102500, 18059456, 00000001000100111001000011000000, 0, 2204, 536, 426250, R
20150000, 42352832, 00000010100001100100000011000000, 0, 5170, 24, 426250, R
20197500, 120086656, 00000111001010000110000010000000, 0, 14659, 16, 426250, R
20245000, 87585152, 00000101001110000111000110000000, 0, 10691, 560, 426250, R
20292500, 130567040, 00000111110010000100101110000000, 0, 15938, 368, 426250, R
20340000, 9679744, 00000000100100111011001110000000, 0, 1181, 624, 426250, R
20387500, 113551680, 00000110110001001010100101000000, 0, 13861, 296, 426250, R
20435000, 103214656, 00000110001001101110111001000000, 0, 12599, 456, 426250, R
20482500, 57310336, 00000011011010100111110010000000, 0, 6995, 912, 426250, R
20530000, 114560960, 00000110110101000000111111000000, 0, 13984, 504, 426250, R
20577500, 122232896, 00000111010010010010000001000000, 0, 14921, 8, 426250, R
20625000, 76813248, 00000100100101000001001111000000, 0, 9376, 632, 426250, R
20672500, 95106688, 00000101101010110011011010000000, 0, 11609, 720, 426250, R
20720000, 87816064, 00000101001110111111011110000000, 0, 10719, 752, 426250, R
20767500, 18377920, 00000001000110000110110011000000, 0, 2243, 408, 426250, R
20815000, 128794688, 00000111101011010100000001000000, 0, 15722, 8, 426250, R
20862500, 92703040, 00000101100001101000100101000000, 0, 11316, 296, 426250, R
20910000, 33514816, 00000001111111110110010101000000, 0, 4091, 168, 426250, R
20957500, 121279104, 00000111001110101001001010000000, 0, 14804, 592, 426250, R
21005000, 108587456, 00000110011110001110100111000000, 0, 13255, 312, 426250, R
21052500, 49770304, 00000010111101110110111101000000, 0, 6075, 488, 426250, R
21100000, 18572096, 00000001000110110110001101000000, 0, 2267, 104, 426250, R
21147500, 37057408, 00000010001101010111001110000000, 0, 4523, 624, 426250, R
21195000, 90062656, 00000101010111100011111101000000, 0, 10993, 1000, 426250, R
21242500, 8093312, 00000000011110110111111010000000, 0, 987, 976, 426250, R
21290000, 60504192, 00000011100110110011100010000000, 0, 7385, 784, 426250, R
21337500, 60504256, 00000011100110110011100011000000, 0, 7385, 792, 383750, R
21385000, 60504320, 00000011100110110011100100000000, 0, 7385, 800, 341250, R
21432500, 60504384, 00000011100110110011100101000000, 0, 7385, 808, 298750, R
21480000, 60504448, 00000011100110110011100110000000, 0, 7385, 816, 256250, R
21527500, 60504512, 00000011100110110011100111000000, 0, 7385, 824, 213750, R
21575000, 60504576, 00000011100110110011101000000000, 0, 7385, 832, 171250, R
21622500, 60504640, 00000011100110110011101001000000, 0, 7385, 840, 128750, R
21670000, 60504704, 00000011100110110011101010000000, 0, 7385, 848, 86250, R
21717500, 60504768, 00000011100110110011101011000000, 0, 7385, 856, 43750, R
21722500, 60504832, 00000011100110110011101100000000, 0, 7385, 864, 43750, R
21727500, 60504896, 00000011100110110011101101000000, 0, 7385, 872, 43750, R
21732500, 60504960, 00000011100110110011101110000000, 0, 7385, 880, 43750, R
21737500, 60505024, 00000011100110110011101111000000, 0, 7385, 888, 43750, R
21742500, 60505088, 00000011100110110011110000000000, 0, 7385, 896, 43750, R
21747500, 60505152, 00000011100110110011110001000000, 0, 7385, 904, 43750, R
21752500, 60505216, 00000011100110110011110010000000, 0, 7385, 912, 43750, R
21757500, 60505280, 00000011100110110011110011000000, 0, 7385, 920, 43750, R
21762500, 60505344, 00000011100110110011110100000000, 0, 7385, 928, 43750, R
21767500, 60505408, 00000011100110110011110101000000, 0, 7385, 936, 43750, R
21772500, 60505472, 00000011100110110011110110000000, 0, 7385, 944, 43750, R
21777500, 60505536, 00000011100110110011110111000000, 0, 7385, 952, 43750, R
21782500, 60505600, 00000011100110110011111000000000, 0, 7385, 960, 43750, R
21787500, 60505664, 00000011100110110011111001000000, 0, 7385, 968, 43750, R
21792500, 60505728, 00000011100110110011111010000000, 0, 7385, 976, 43750, R
21797500, 60502976, 00000011100110110011001111000000, 0, 7385, 632, 43750, R
21802500, 117603712, 00000111000000100111110110000000, 0, 14355, 944, 71250, R
21807500, 69879168, 00000100001010100100010110000000, 0, 8530, 176, 113750, R
21812500, 2404416, 00000000001001001011000001000000, 0, 293, 520, 156250, R
21817500, 92765696, 00000101100001110111111000000000, 0, 11323, 960, 198750, R
21822500, 44299008, 00000010101000111111001100000000, 0, 5407, 608, 241250, R
21827500, 75159040, 00000100011110101101011000000000, 0, 9174, 704, 283750, R
21832500, 40750528, 00000010011011011100110111000000, 0, 4974, 440, 326250, R
21837500, 114857536, 00000110110110001001011001000000, 0, 14020, 712, 368750, R
21842500, 130898880, 00000111110011010101101111000000, 0, 15978, 888, 411250, R
21875000, 108399744, 00000110011101100000110010000000, 0, 13232, 400, 426250, R
21922500, 18129728, 00000001000101001010001101000000, 0, 2213, 104, 426250, R
21970000, 35445824, 00000010000111001101110001000000, 0, 4326, 904, 426250, R
22017500, 120653824, 00000111001100010000100000000000, 0, 14728, 256, 426250, R
22065000, 110157632, 00000110100100001101111101000000, 0, 13446, 1000, 426250, R
22112500, 102075264, 00000110000101011000101110000000, 0, 12460, 368, 426250, R
22160000, 49845120, 00000010111110001001001110000000, 0, 6084, 624, 426250, R
22207500, 101412480, 00000110000010110110111010000000, 0, 12379, 464, 426250, R
22255000, 32588672, 00000001111100010100001110000000, 0, 3978, 112, 426250, R
22302500, 113163776, 00000110101111101011111000000000, 0, 13813, 960, 426250, R
22350000, 44057216, 00000010101000000100001010000000, 0, 5378, 80, 426250, R
22397500, 101452480, 00000110000011000000101011000000, 0, 12384, 344, 426250, R
22445000, 81586752, 00000100110111001110101001000000, 0, 9959, 328, 426250, R
22492500, 895872, 00000000000011011010101110000000, 0, 109, 368, 426250, R
22540000, 895936, 00000000000011011010101111000000, 0, 109, 376, 383750, R
22587500, 896000, 00000000000011011010110000000000, 0, 109, 384, 341250, R
22635000, 896064, 00000000000011011010110001000000, 0, 109, 392, 298750, R
22682500, 896128, 00000000000011011010110010000000, 0, 109, 400, 256250, R
22730000, 896192, 00000000000011011010110011000000, 0, 109, 408, 213750, R
22777500, 896256, 00000000000011011010110100000000, 0, 109, 416, 171250, R
22825000, 896320, 00000000000011011010110101000000, 0, 109, 424, 128750, R
22872500, 896384, 00000000000011011010110110000000, 0, 109, 432, 86250, R
22920000, 896448, 00000000000011011010110111000000, 0, 109, 440, 43750, R
22925000, 896512, 00000000000011011010111000000000, 0, 109, 448, 43750, R
22930000, 896576, 00000000000011011010111001000000, 0, 109, 456, 43750, R
22935000, 896640, 00000000000011011010111010000000, 0, 109, 464, 43750, R
22940000, 896704, 00000000000011011010111011000000, 0, 109, 472, 43750, R
22945000, 896768, 00000000000011011010111100000000, 0, 109, 480, 43750, R
22950000, 896832, 00000000000011011010111101000000, 0, 109, 488, 43750, R
22955000, 896896, 00000000000011011010111110000000, 0, 109, 496, 43750, R
22960000, 896960, 00000000000011011010111111000000, 0, 109, 504, 43750, R
22965000, 897024, 00000000000011011011000000000000, 0, 109, 512, 43750, R
22970000, 897088, 00000000000011011011000001000000, 0, 109, 520, 43750, R
22975000, 897152, 00000000000011011011000010000000, 0, 109, 528, 43750, R
22980000, 894400, 00000000000011011010010111000000, 0, 109, 184, 43750, R
22985000, 29258368, 00000001101111100111001010000000, 0, 3571, 592, 71250, R
22990000, 99330368, 00000101111010111010100101000000, 0, 12125, 296, 113750, R
22995000, 10173056, 00000000100110110011101010000000, 0, 1241, 848, 156250, R
23000000, 87980480, 00000101001111100111100111000000, 0, 10739, 824, 198750, R
23005000, 120676352, 00000111001100010110000000000000, 0, 14731, 0, 241250, R
23010000, 1179776, 00000000000100100000000010000000, 0, 144, 16, 283750, R
23015000, 5621248, 00000000010101011100011000000000, 0, 686, 192, 326250, R
23020000, 35701376, 00000010001000001100001010000000, 0, 4358, 80, 368750, R
23025000, 67502400, 00000100000001100000000101000000, 0, 8240, 40, 411250, R
23057500, 67502464, 00000100000001100000000110000000, 0, 8240, 48, 383750, R
23105000, 67502528, 00000100000001100000000111000000, 0, 8240, 56, 341250, R
23152500, 67502592, 00000100000001100000001000000000, 0, 8240, 64, 298750, R
23200000, 67502656, 00000100000001100000001001000000, 0, 8240, 72, 256250, R
23247500, 67502720, 00000100000001100000001010000000, 0, 8240, 80, 213750, R
23295000, 67502784, 00000100000001100000001011000000, 0, 8240, 88, 171250, R
23342500, 67502848, 00000100000001100000001100000000, 0, 8240, 96, 128750, R
23390000, 67502912, 00000100000001100000001101000000, 0, 8240, 104, 86250, R
23437500, 67502976, 00000100000001100000001110000000, 0, 8240, 112, 43750, R
23442500, 67503040, 00000100000001100000001111000000, 0, 8240, 120, 43750, R
23447500, 67497344, 00000100000001011110110110000000, 0, 8239, 432, 71250, R
23452500, 63681664, 00000011110010111011010010000000, 0, 7773, 656, 113750, R
23457500, 74326528, 00000100011011100010001000000000, 0, 9073, 64, 156250, R
23462500, 37331648, 00000010001110011010001011000000, 0, 4557, 88, 198750, R
23467500, 37835136, 00000010010000010101000110000000, 0, 4618, 560, 241250, R
23472500, 99916480, 00000101111101001001101011000000, 0, 12196, 856, 283750, R
23477500, 99916544, 00000101111101001001101100000000, 0, 12196, 864, 283750, R
23482500, 99916608, 00000101111101001001101101000000, 0, 12196, 872, 283750, R
23487500, 99916672, 00000101111101001001101110000000, 0, 12196, 880, 283750, R
23520000, 99916736, 00000101111101001001101111000000, 0, 12196, 888, 256250, R
23567500, 99916800, 00000101111101001001110000000000, 0, 12196, 896, 213750, R
23615000, 99916864, 00000101111101001001110001000000, 0, 12196, 904, 171250, R
23662500, 99916928, 00000101111101001001110010000000, 0, 12196, 912, 128750, R
23710000, 99916992, 00000101111101001001110011000000, 0, 12196, 920, 86250, R
23757500, 99917056, 00000101111101001001110100000000, 0, 12196, 928, 43750, R
23762500, 99917120, 00000101111101001001110101000000, 0, 12196, 936, 43750, R
23767500, 99917184, 00000101111101001001110110000000, 0, 12196, 944, 43750, R
23772500, 99917248, 00000101111101001001110111000000, 0, 12196, 952, 43750, R
23777500, 99917312, 00000101111101001001111000000000, 0, 12196, 960, 43750, R
23782500, 99917376, 00000101111101001001111001000000, 0, 12196, 968, 43750, R
23787500, 99917440, 00000101111101001001111010000000, 0, 12196, 976, 43750, R
23792500, 99917504, 00000101111101001001111011000000, 0, 12196, 984, 43750, R
23797500, 99917568, 00000101111101001001111100000000, 0, 12196, 992, 43750, R
23802500, 99917632, 00000101111101001001111101000000, 0, 12196, 1000, 43750, R
23807500, 99917696, 00000101111101001001111110000000, 0, 12196, 1008, 43750, R
23812500, 99917760, 00000101111101001001111111000000, 0, 12196, 1016, 43750, R
23817500, 99917824, 00000101111101001010000000000000, 0, 12197, 0, 71250, R
23822500, 99917888, 00000101111101001010000001000000, 0, 12197, 8, 71250, R
23827500, 99917952, 00000101111101001010000010000000, 0, 12197, 16, 71250, R
23832500, 99918016, 00000101111101001010000011000000, 0, 12197, 24, 71250, R
23837500, 99918080, 00000101111101001010000100000000, 0, 12197, 32, 71250, R
23842500, 99918144, 00000101111101001010000101000000, 0, 12197, 40, 71250, R
23847500, 99918208, 00000101111101001010000110000000, 0, 12197, 48, 71250, R
23852500, 99918272, 00000101111101001010000111000000, 0, 12197, 56, 71250, R
23857500, 99918336, 00000101111101001010001000000000, 0, 12197, 64, 71250, R
23890000, 99918400, 00000101111101001010001001000000, 0, 12197, 72, 43750, R
23895000, 99918464, 00000101111101001010001010000000, 0, 12197, 80, 43750, R
23900000, 99918528, 00000101111101001010001011000000, 0, 12197, 88, 43750, R
23905000, 99914304, 00000101111101001001001001000000, 0, 12196, 584, 71250, R
23910000, 91652416, 00000101011101101000000101000000, 0, 11188, 40, 113750, R
23915000, 91256192, 00000101011100000111010110000000, 0, 11139, 688, 156250, R
23920000, 67844672, 00000100000010110011101001000000, 0, 8281, 840, 198750, R
23925000, 2877888, 00000000001010111110100111000000, 0, 351, 312, 241250, R
23930000, 51301952, 00000011000011101100111001000000, 0, 6262, 456, 283750, R
23935000, 131445312, 00000111110101011011001001000000, 0, 16045, 584, 326250, R
23940000, 112462912, 00000110101101000000110001000000, 0, 13728, 392, 368750, R
23945000, 7336512, 00000000011011111111001001000000, 0, 895, 584, 411250, R
23977500, 21379200, 00000001010001100011100010000000, 0, 2609, 784, 426250, R
24025000, 32331392, 00000001111011010101011010000000, 0, 3946, 720, 426250, R
24072500, 70998336, 00000100001110110101100101000000, 0, 8666, 808, 426250, R
24120000, 101489600, 00000110000011001001101111000000, 0, 12388, 888, 426250, R
24167500, 104339968, 00000110001110000001101000000000, 0, 12736, 832, 426250, R
24215000, 92657728, 00000101100001011101100001000000, 0, 11310, 776, 426250, R
24262500, 131981568, 00000111110111011110000100000000, 0, 16111, 32, 426250, R
24310000, 114264064, 00000110110011111000100000000000, 0, 13948, 256, 426250, R
24357500, 56615744, 00000011010111111110001101000000, 0, 6911, 104, 426250, R
24405000, 65908480, 00000011111011011010111100000000, 0, 8045, 480, 426250, R
24452500, 82488640, 00000100111010101010110101000000, 0, 10069, 424, 426250, R
24500000, 41380864, 00000010011101110110110000000000, 0, 5051, 384, 426250, R
24547500, 43643392, 00000010100110011111001000000000, 0, 5327, 576, 426250, R
24595000, 10865792, 00000000101001011100110010000000, 0, 1326, 400, 426250, R
24642500, 39254592, 00000010010101101111101001000000, 0, 4791, 840, 426250, R
24690000, 128216704, 00000111101001000110111010000000, 0, 15651, 464, 426250, R
24737500, 117524288, 00000111000000010100011101000000, 0, 14346, 232, 426250, R
24785000, 25396800, 00000001100000111000011001000000, 0, 3100, 200, 426250, R
24832500, 70585920, 00000100001101010000111001000000, 0, 8616, 456, 426250, R
24880000, 44986880, 00000010101011100111001000000000, 0, 5491, 576, 426250, R
24927500, 49060608, 00000010111011001001101100000000, 0, 5988, 864, 426250, R
24975000, 71051456, 00000100001111000010100011000000, 0, 8673, 280, 426250, R
25022500, 75801088, 00000100100001001010001000000000, 0, 9253, 64, 426250, R
25070000, 104044352, 00000110001100111001011101000000, 0, 12700, 744, 426250, R
25117500, 53280256, 00000011001011001111111000000000, 0, 6503, 960, 426250, R
25165000, 21745664, 00000001010010111101000000000000, 0, 2654, 512, 426250, R
25212500, 53755968, 00000011001101000100000001000000, 0, 6562, 8, 426250, R
25260000, 58484992, 00000011011111000110100100000000, 0, 7139, 288, 426250, R
25307500, 77627968, 00000100101000001000001001000000, 0, 9476, 72, 426250, R
25355000, 16031040, 00000000111101001001110101000000, 0, 1956, 936, 426250, R
25402500, 110972672, 00000110100111010100111100000000, 0, 13546, 480, 426250, R
25450000, 56589760, 00000011010111110111110111000000, 0, 6907, 952, 426250, R
25497500, 9850560, 00000000100101100100111011000000, 0, 1202, 472, 426250, R
25545000, 97848768, 00000101110101010000110111000000, 0, 11944, 440, 426250, R
25592500, 96631488, 00000101110000100111101011000000, 0, 11795, 856, 426250, R
25640000, 101566528, 00000110000011011100100001000000, 0, 12398, 264, 426250, R
25687500, 124847616, 00000111011100010000011000000000, 0, 15240, 192, 426250, R
25735000, 109964800, 00000110100011011110111000000000, 0, 13423, 448, 426250, R
25782500, 87805760, 00000101001110111100111101000000, 0, 10718, 488, 426250, R
25830000, 87385792, 00000101001101010110011011000000, 0, 10667, 216, 426250, R
25877500, 118660096, 00000111000100101001110000000000, 0, 14484, 896, 426250, R
25925000, 75779712, 00000100100001000100111010000000, 0, 9250, 464, 426250, R
25972500, 129959424, 00000111101111110000011000000000, 0, 15864, 192, 426250, R
26020000, 56913152, 00000011011001000110110100000000, 0, 6947, 416, 426250, R
26067500, 70483520, 00000100001100110111111001000000, 0, 8603, 968, 426250, R
26115000, 70483584, 00000100001100110111111010000000, 0, 8603, 976, 383750, R
26162500, 70483648, 00000100001100110111111011000000, 0, 8603, 984, 341250, R
26210000, 70483712, 00000100001100110111111100000000, 0, 8603, 992, 298750, R
26257500, 70483776, 00000100001100110111111101000000, 0, 8603, 1000, 256250, R
26305000, 70483840, 00000100001100110111111110000000, 0, 8603, 1008, 213750, R
26352500, 70483904, 00000100001100110111111111000000, 0, 8603, 1016, 171250, R
26400000, 70483968, 00000100001100111000000000000000, 0, 8604, 0, 156250, R